KeyPCGI_One@RadiantGI.fx=46,0,0,0
PreprocessorDefinitions=fLUT_TextureName="lagoon_lut.png",MXAO_AO_TYPE=3
Techniques=Clarity@Clarity.fx,Bloom@qUINT_bloom.fx,LUT@LUT.fx,Technicolor2@Technicolor2.fx

[Clarity.fx]
ClarityBlendIfDark=50
ClarityBlendIfLight=205
ClarityBlendMode=2
ClarityDarkIntensity=0.480000
ClarityLightIntensity=0.000000
ClarityOffset=4.000000
ClarityRadius=1
ClarityStrength=0.500000
ClarityViewBlendIfMask=0
ClarityViewMask=0

[LUT.fx]
fLUT_AmountChroma=0.768000
fLUT_AmountLuma=0.609000

[qUINT_bloom.fx]
BLOOM_ADAPT_EXPOSURE=0.179000
BLOOM_ADAPT_MODE=1
BLOOM_ADAPT_SPEED=2.000000
BLOOM_ADAPT_STRENGTH=0.500000
BLOOM_CURVE=5.278000
BLOOM_INTENSITY=1.062000
BLOOM_LAYER_MULT_1=0.050000
BLOOM_LAYER_MULT_2=1.000000
BLOOM_LAYER_MULT_3=0.010000
BLOOM_LAYER_MULT_4=0.430000
BLOOM_LAYER_MULT_5=0.000000
BLOOM_LAYER_MULT_6=0.000000
BLOOM_LAYER_MULT_7=0.000000
BLOOM_SAT=2.000000
BLOOM_TONEMAP_COMPRESSION=5.000000

[RadiantGI.fx]
Blend=0
Debug=0
Deep_Scattering=0.100000
Depth_Map=0
Depth_Map_Adjust=7.500000
Depth_Map_Flip=0
Diffusion_Saturation_Power=0.250000,0.500000
D_Irradiance=0.000000
GI_Power=1.000000
GI_Ray_Length=250.000000
GI_Res=0.700000
GI_Saturation=1.000000
GI_Sky_Saturation=1.000000
HDR_BP=0.500000
IGN_Toggle=1
Internals=0.540000,0.010000,0.010000
Luma_Map=0.500000
NCD=0.125000,0.000000
Offset=0.000000
PCGI_2DTexture_Detail=0.000000,1.000000
PCGI_Fade=1.000000
PP_Options=0
RadiantGI=0
Reflectivness=1.000000,0.500000
samples=6.000000
SamplesXY=6
Scattering=0
Sky_Adustment=3
Sky_Emissive_Selection=0
SSS_Seek=0.250000
Target_Lighting=0.050000
Trim=0.000000
Wrap=0.500000

[Technicolor2.fx]
Brightness=1.000000
ColorStrength=0.208630,0.239768,0.318584
Saturation=0.890000
Strength=0.598000

